# Created by Octave 3.2.4, Fri Nov 19 00:24:24 2010 IST <teju@vimzard>
# name: C
# type: sparse matrix
# nnz: 6058
# rows: 100
# columns: 2354
80 2 1
7 3 1
40 3 1
82 6 3
99 7 1
62 9 2
83 12 1
29 14 1
33 14 1
51 14 2
47 18 1
22 22 1
25 22 1
26 22 1
42 22 1
44 22 1
52 22 1
63 22 1
78 22 1
87 22 1
97 22 1
54 23 2
57 23 1
70 23 1
92 23 1
36 24 1
49 24 1
50 24 1
54 24 1
55 24 1
72 24 1
24 25 1
25 25 1
32 25 1
72 25 1
14 26 1
75 28 4
15 30 1
45 30 1
50 30 1
62 30 1
82 30 1
89 30 1
44 31 1
51 31 2
52 31 1
87 31 1
100 32 1
44 34 1
97 34 1
73 35 1
80 35 1
44 38 1
60 38 1
83 38 2
87 38 1
8 39 1
32 39 1
58 39 1
83 39 1
94 39 1
54 40 1
89 40 1
93 40 1
53 41 1
54 41 1
80 41 1
84 41 1
90 41 1
100 42 1
33 46 1
77 46 1
40 47 1
54 47 1
55 47 1
62 47 1
79 47 1
5 48 1
13 48 1
14 48 5
29 48 3
32 48 1
36 48 1
44 48 3
51 48 4
52 48 2
66 48 3
73 48 1
77 48 2
95 48 1
51 49 1
66 49 2
1 50 2
11 50 1
12 51 2
14 51 3
78 51 1
12 53 1
33 53 1
42 56 1
76 57 1
82 58 1
25 61 1
1 63 1
14 63 1
72 63 1
9 65 2
16 65 1
29 65 1
39 65 1
63 65 1
69 65 1
76 65 1
79 65 1
89 67 2
27 68 1
33 68 1
66 68 1
97 68 1
9 71 3
14 71 1
24 71 2
25 71 1
27 71 1
33 71 1
37 71 1
49 71 1
50 71 1
68 71 3
100 71 1
12 72 2
14 72 1
29 72 2
47 72 3
51 72 10
75 72 1
76 72 1
78 72 2
100 72 7
14 74 2
39 74 9
52 74 1
70 74 11
42 75 1
76 75 1
78 75 1
96 76 1
34 77 2
32 80 2
60 80 1
14 82 1
24 82 1
83 82 1
94 82 1
100 82 1
9 84 1
23 84 1
34 84 1
56 84 1
75 84 1
77 84 1
85 84 1
89 84 1
4 86 1
14 86 1
20 86 1
25 86 2
28 86 1
37 86 1
38 86 1
40 86 1
44 86 2
52 86 2
53 86 1
56 86 1
62 86 1
64 86 1
72 86 2
78 86 1
82 86 2
84 86 1
86 86 1
87 86 1
89 86 1
91 86 1
94 86 1
96 86 1
97 86 1
100 86 2
9 89 1
44 89 1
49 89 1
52 89 1
57 89 1
80 89 1
82 89 1
97 89 1
100 89 1
76 90 1
82 90 1
85 90 1
14 93 1
100 93 3
50 94 1
33 95 1
9 96 1
14 96 1
19 96 1
15 97 1
13 98 3
25 99 1
32 99 1
73 99 1
62 101 1
91 101 1
10 103 1
15 103 1
16 103 1
21 103 1
25 103 1
29 103 1
30 103 2
35 103 1
36 103 1
39 103 2
42 103 1
46 103 1
47 103 4
49 103 1
51 103 1
52 103 1
56 103 2
57 103 1
60 103 1
64 103 1
65 103 1
67 103 1
73 103 1
77 103 2
84 103 1
90 103 1
92 103 3
94 103 1
99 103 1
5 104 1
6 104 1
34 104 1
49 104 2
12 105 1
28 105 1
72 105 1
78 105 3
93 105 1
16 106 1
72 106 1
31 107 1
38 107 1
41 107 1
70 107 1
77 107 1
88 107 1
89 107 1
14 108 1
41 109 1
76 109 1
80 109 1
1 110 1
9 110 1
25 110 1
27 110 1
32 110 4
48 110 5
56 110 3
57 110 2
58 110 3
64 110 2
69 110 4
70 110 1
82 110 1
97 110 1
51 112 4
11 115 1
12 115 1
43 115 1
44 115 1
87 115 1
76 117 1
16 118 1
19 118 1
99 118 1
67 121 1
83 121 1
8 122 1
80 122 2
7 123 1
34 123 1
58 123 1
64 123 1
70 123 1
75 123 1
81 123 1
15 125 1
56 125 3
57 125 2
86 125 1
17 126 1
29 126 1
49 126 2
56 126 1
68 126 1
91 126 1
13 127 1
14 127 2
16 127 1
17 127 1
27 127 1
28 127 2
33 127 1
39 127 1
44 127 1
49 127 1
60 127 1
65 127 1
86 127 1
17 128 1
27 128 1
33 128 2
37 128 1
62 128 1
56 129 1
62 129 1
20 130 1
49 131 1
14 132 1
94 132 1
10 133 1
19 134 1
35 134 1
77 134 1
92 134 1
22 137 1
33 137 1
4 138 2
15 138 1
54 138 1
49 139 1
52 139 1
9 140 1
80 140 1
84 140 2
89 140 1
97 140 1
49 141 1
2 142 1
15 142 1
19 142 1
27 142 2
35 142 1
60 142 1
68 142 2
73 142 1
93 142 1
94 142 1
47 144 2
49 144 4
50 144 1
62 144 2
64 144 1
65 144 1
89 144 1
14 146 1
25 146 2
2 149 1
39 150 1
55 150 1
36 151 2
60 152 2
83 153 1
89 154 2
67 156 3
94 156 1
68 157 2
83 157 1
16 159 1
29 159 1
58 159 1
70 159 2
100 159 2
85 160 1
14 161 1
15 161 1
18 161 1
44 161 1
50 161 1
52 161 1
54 161 1
55 161 2
72 161 2
82 161 2
87 161 1
91 161 1
95 161 1
22 162 1
81 162 1
17 163 1
24 163 1
42 163 1
44 163 1
56 163 1
72 163 1
86 163 1
87 163 1
89 163 1
94 165 3
32 166 4
33 166 1
67 166 3
69 166 1
77 166 1
83 166 2
85 166 3
90 167 1
24 168 2
53 170 2
58 170 1
100 170 1
1 172 1
27 172 1
32 172 4
48 172 4
56 172 3
57 172 2
58 172 4
69 172 4
70 172 1
96 173 1
100 174 1
46 175 1
56 175 1
91 175 1
49 178 1
15 179 1
20 179 2
21 179 1
46 179 2
77 179 1
20 180 1
8 182 1
12 182 1
14 182 1
17 182 1
19 182 1
30 182 1
34 182 1
69 182 1
96 182 2
66 183 2
74 183 1
97 183 1
85 186 1
78 187 1
11 188 2
19 188 1
23 188 2
40 188 1
54 188 3
62 188 1
85 188 1
100 188 1
49 190 1
94 190 5
97 190 1
23 192 1
34 192 1
42 192 3
17 193 1
20 193 1
85 193 2
77 195 1
89 195 1
77 198 6
82 198 2
97 201 1
8 202 1
14 202 2
25 202 1
43 202 1
48 202 1
53 202 1
54 202 1
60 202 1
63 202 1
69 202 1
85 202 1
91 202 1
27 203 1
44 203 1
1 204 1
8 204 1
26 204 1
35 204 1
45 204 1
49 204 1
29 205 3
42 205 3
75 205 1
94 207 1
72 208 1
7 209 1
94 211 2
22 212 1
28 212 1
33 212 1
37 212 2
85 212 2
17 214 1
25 214 1
58 214 3
60 214 1
64 214 1
71 214 2
72 214 6
85 214 1
89 214 2
97 214 1
99 214 1
15 216 1
29 216 1
35 219 1
96 219 1
89 220 1
92 220 1
23 226 1
72 226 1
25 227 1
25 232 3
26 232 1
35 232 3
36 232 2
44 232 2
58 232 2
77 232 1
84 232 1
85 232 2
93 232 2
89 233 1
93 233 1
20 234 3
25 235 3
44 236 1
58 236 1
44 237 3
79 237 1
79 238 1
2 240 2
13 240 1
17 240 1
19 240 2
20 240 4
24 240 1
25 240 9
27 240 5
35 240 4
36 240 4
37 240 1
43 240 1
44 240 5
56 240 4
57 240 2
69 240 1
77 240 2
79 240 1
84 240 1
85 240 5
87 240 1
93 240 3
94 240 3
97 240 3
100 240 2
2 245 2
3 245 2
4 245 4
7 245 3
8 245 2
9 245 5
12 245 1
16 245 3
17 245 2
18 245 1
21 245 1
22 245 2
23 245 4
24 245 8
34 245 3
37 245 1
40 245 2
43 245 3
45 245 3
47 245 5
49 245 2
50 245 4
53 245 4
54 245 4
55 245 3
59 245 1
62 245 5
63 245 1
71 245 4
72 245 4
73 245 4
74 245 1
76 245 2
78 245 2
79 245 2
80 245 4
89 245 7
94 245 2
96 245 2
2 246 3
3 246 1
4 246 1
7 246 2
8 246 1
16 246 1
17 246 1
21 246 1
24 246 1
25 246 1
34 246 1
36 246 1
37 246 2
40 246 1
54 246 1
55 246 1
61 246 1
62 246 1
63 246 1
72 246 2
76 246 3
79 246 1
80 246 2
84 246 1
94 246 3
97 246 1
60 247 1
71 248 1
7 251 1
7 252 2
49 254 1
6 255 1
13 255 1
42 255 1
46 256 1
15 260 2
31 261 3
25 263 1
63 263 1
36 264 1
52 264 1
13 265 1
43 265 1
49 265 1
63 265 1
74 265 1
78 265 1
86 265 1
95 265 1
49 266 1
52 266 3
54 266 1
58 266 1
63 266 1
14 267 1
32 267 1
35 267 1
36 267 1
37 267 1
39 267 1
49 267 2
52 267 1
54 267 2
58 267 1
82 267 1
85 267 1
99 267 1
7 270 1
40 270 1
13 271 1
52 272 3
42 275 2
75 275 1
42 276 1
95 277 3
92 278 1
92 279 2
11 281 1
17 281 1
29 281 1
41 281 1
84 281 1
52 282 1
99 282 1
6 285 1
17 285 1
23 285 3
24 285 3
28 285 1
29 285 3
33 285 3
34 285 1
43 285 2
44 285 2
49 285 3
51 285 1
53 285 1
54 285 1
59 285 5
61 285 1
62 285 1
67 285 1
68 285 1
72 285 3
73 285 4
91 285 1
94 285 5
99 285 2
100 285 2
27 286 1
9 287 1
53 287 1
100 287 1
16 288 1
62 288 1
82 288 2
45 289 3
53 289 1
89 289 7
40 290 1
49 290 2
30 291 1
32 291 1
14 296 1
25 296 1
33 296 2
44 296 1
46 296 4
81 296 1
82 296 1
94 296 1
96 296 1
99 296 2
39 297 1
59 297 1
70 297 2
78 297 1
89 297 2
33 300 2
34 300 4
11 302 1
23 302 2
25 302 1
54 302 4
55 302 1
56 302 1
57 302 1
60 302 1
67 302 1
70 302 3
73 302 1
82 302 1
77 303 1
94 303 2
97 303 1
44 304 1
87 304 1
33 306 1
56 306 1
57 306 1
78 306 1
24 309 1
52 314 1
70 315 1
69 316 1
18 317 2
18 318 1
48 318 2
25 323 1
97 323 1
2 324 1
42 324 1
83 326 1
14 330 1
34 330 1
25 331 1
77 331 1
9 335 1
16 335 1
20 335 1
23 335 1
27 335 1
35 335 1
49 335 4
50 335 1
54 335 1
55 335 2
59 335 1
71 335 1
73 335 4
74 335 1
81 335 1
86 335 1
89 335 1
94 335 2
74 336 1
89 337 1
47 338 2
56 339 1
66 339 3
78 339 1
82 339 1
12 340 1
25 340 1
79 340 1
46 342 2
75 343 1
99 343 1
77 345 2
1 346 1
77 346 2
82 347 1
9 349 1
23 349 1
35 349 1
49 349 1
56 349 2
58 349 1
60 349 1
69 349 1
76 349 1
78 349 1
85 349 1
94 349 2
95 349 1
99 349 2
56 350 1
4 351 1
14 351 1
17 351 1
20 351 1
25 351 1
35 351 1
47 351 1
49 351 1
52 351 3
56 351 1
75 351 1
9 353 1
32 353 1
55 353 1
80 353 1
49 354 1
47 355 1
60 355 1
92 355 3
13 356 1
14 357 1
16 357 1
18 357 1
76 357 1
81 357 2
99 357 1
47 358 1
5 359 1
90 359 4
91 359 3
72 362 1
81 362 2
11 363 2
16 363 3
17 363 5
28 363 1
49 363 2
50 363 2
54 363 3
55 363 3
59 363 1
62 363 3
71 363 1
72 363 1
73 363 3
81 363 3
94 363 4
39 365 1
18 366 3
14 368 1
16 368 1
64 368 1
92 368 1
14 369 1
85 369 1
24 371 1
48 371 1
49 371 1
59 371 1
86 371 1
92 372 5
93 372 1
32 373 1
13 377 1
37 377 2
58 377 1
97 377 1
12 379 1
29 379 1
94 379 1
99 379 2
24 381 1
33 381 1
61 381 1
35 383 1
41 383 1
43 383 1
82 383 1
83 383 1
15 384 1
18 384 1
22 384 1
27 384 1
30 384 1
32 384 1
33 384 1
34 384 3
36 384 2
37 384 3
43 384 1
44 384 1
47 384 4
49 384 2
63 384 1
78 384 2
79 384 1
80 384 1
82 384 1
84 384 3
86 384 1
89 384 2
92 384 1
94 384 2
8 385 1
40 385 1
53 385 1
33 386 3
44 386 1
61 386 3
87 386 1
5 387 3
30 387 1
85 387 1
95 387 2
33 388 1
34 388 1
66 388 4
73 388 1
81 388 1
82 388 1
88 388 1
19 389 1
27 389 1
40 389 2
44 389 3
48 389 7
56 389 2
58 389 6
63 389 4
79 389 1
94 389 2
1 392 1
53 392 1
60 392 2
92 392 1
93 394 1
19 395 3
37 396 1
48 396 1
53 396 1
17 398 1
77 398 1
2 400 1
34 400 1
77 400 1
89 401 1
2 403 1
33 404 1
44 404 2
70 404 1
83 404 1
88 404 1
99 404 1
49 405 1
66 405 1
12 406 2
19 406 1
25 406 2
44 406 1
72 406 1
83 406 1
99 406 1
100 406 1
2 407 1
4 407 1
21 407 1
24 407 1
29 407 1
35 407 2
38 407 1
49 407 1
59 407 1
64 407 1
68 407 2
69 407 1
72 407 1
77 407 1
80 407 1
85 407 1
94 407 1
95 407 2
97 407 1
100 407 1
23 408 1
49 408 1
21 409 1
99 409 1
100 409 1
62 412 1
78 413 1
42 415 1
2 416 1
9 416 1
13 416 1
23 416 1
25 416 2
29 416 1
32 416 2
34 416 2
44 416 2
49 416 1
50 416 1
56 416 1
64 416 1
76 416 1
82 416 1
87 416 2
89 416 1
91 416 1
94 416 1
96 416 1
98 416 1
15 417 1
33 418 1
51 418 2
33 420 1
91 420 1
25 422 1
69 426 1
92 426 1
34 427 1
40 427 1
100 427 1
10 428 1
22 428 1
6 432 1
14 432 1
91 432 1
52 433 1
61 433 1
7 434 2
33 434 1
85 434 1
44 436 1
59 436 1
65 436 2
87 436 1
95 436 1
29 437 2
77 437 2
37 439 1
49 439 1
28 441 1
77 446 2
84 446 2
53 447 2
59 447 1
80 447 1
34 448 1
40 448 4
43 448 1
51 448 1
53 448 4
79 448 9
80 448 6
85 448 2
81 449 1
85 450 1
94 453 1
51 454 1
96 455 1
20 456 1
24 456 1
63 456 1
81 456 1
20 458 1
24 458 1
30 458 1
70 458 1
89 458 1
96 458 1
99 458 3
10 460 1
25 460 1
29 460 3
48 460 1
60 460 2
8 465 1
34 465 1
99 465 2
100 465 1
42 466 1
52 466 1
8 468 1
34 468 1
31 469 1
31 475 1
43 475 1
73 475 2
15 476 1
54 476 2
55 476 1
80 476 3
89 476 3
96 476 1
49 477 1
50 477 5
94 477 1
26 487 1
33 487 1
91 487 1
92 488 1
23 489 3
58 489 1
75 489 1
94 489 6
1 490 1
89 490 1
2 491 1
39 491 1
97 491 1
23 496 4
56 496 3
57 496 3
58 496 1
94 496 2
53 497 1
32 500 1
78 500 3
8 501 2
17 501 2
19 501 1
33 501 1
35 501 1
40 501 1
47 501 1
50 501 1
63 501 2
68 501 2
69 501 1
72 501 1
75 501 1
79 501 1
92 501 2
96 501 8
42 502 1
73 502 2
85 505 1
99 505 1
33 506 1
40 507 1
53 507 2
66 507 2
79 508 2
43 509 1
66 509 1
79 509 1
56 512 1
63 512 1
86 512 1
97 512 1
49 515 1
47 517 3
52 517 4
92 517 1
51 518 1
9 520 1
40 520 1
70 520 1
52 522 1
14 523 1
56 523 1
68 523 1
16 524 1
35 524 1
43 524 1
10 525 1
73 525 2
74 525 1
80 525 2
85 525 1
24 527 1
25 527 1
36 527 1
73 527 1
78 527 1
33 529 1
96 529 1
40 530 1
64 530 1
69 530 1
49 531 1
57 531 1
73 531 1
45 532 1
89 532 3
56 533 1
36 534 1
59 534 2
60 534 2
99 534 3
38 535 1
52 535 1
82 535 1
19 536 1
28 536 1
39 536 1
48 536 1
54 536 1
56 536 1
68 536 1
73 536 1
80 536 1
32 537 4
67 537 3
89 539 1
14 540 1
29 540 2
30 540 1
52 540 1
89 540 1
93 540 1
45 541 2
89 541 1
32 542 1
33 542 1
12 544 1
27 544 1
36 544 2
8 548 1
44 548 1
82 548 2
17 549 1
93 551 1
35 552 2
37 552 1
58 552 1
13 553 1
25 553 1
49 553 1
50 553 1
55 553 1
67 553 1
73 553 1
85 553 1
93 553 1
25 554 1
30 554 1
83 554 1
89 554 2
29 555 1
51 555 1
54 555 1
56 555 1
57 555 1
60 555 1
1 556 1
37 556 1
40 556 1
79 556 1
80 556 1
90 556 1
29 557 1
37 557 1
39 557 1
51 557 1
56 557 1
60 557 1
72 557 2
78 557 1
80 557 1
84 557 1
88 557 2
95 557 1
39 559 1
51 559 1
54 559 1
56 559 1
72 559 1
73 559 1
85 559 1
91 559 1
97 559 1
18 561 1
9 562 1
14 562 1
24 562 1
34 562 1
49 562 2
55 562 1
58 562 1
69 562 1
85 562 1
88 562 1
90 562 1
99 562 1
77 563 2
20 564 1
33 564 2
90 564 1
15 566 1
58 566 2
11 567 1
99 567 1
35 568 1
25 571 1
76 571 1
82 571 1
10 573 1
48 573 1
58 573 1
48 574 1
59 574 1
68 574 1
1 575 3
2 575 1
11 575 2
24 575 1
33 575 2
35 575 1
42 575 1
47 575 1
68 575 1
82 575 1
84 575 1
96 575 1
99 575 1
13 576 1
15 576 1
17 576 1
24 576 1
29 576 2
50 576 1
59 576 2
62 576 2
66 576 1
75 576 1
94 576 1
23 577 1
95 577 1
28 578 1
92 579 1
18 580 5
24 581 1
45 581 1
85 581 1
92 581 1
92 582 3
25 584 1
8 585 1
51 585 1
89 585 1
30 586 1
33 586 1
59 586 2
98 586 1
9 587 1
100 587 1
18 588 1
23 588 1
25 588 1
70 588 1
85 588 1
25 589 1
48 589 1
99 589 1
100 589 1
42 591 1
30 596 1
18 598 1
96 598 1
99 598 1
2 599 1
12 599 1
13 599 2
14 599 1
15 599 1
35 599 1
49 599 1
50 599 1
70 599 1
85 599 1
92 599 1
98 599 1
2 600 1
9 600 1
12 600 1
49 600 1
75 600 1
82 600 1
83 600 3
81 601 4
8 602 1
59 602 1
96 602 2
81 603 1
98 603 1
97 604 5
24 605 3
85 607 1
8 608 1
25 608 3
35 608 2
37 608 1
72 608 2
81 610 1
80 611 4
96 611 1
1 612 1
4 612 1
19 612 2
25 612 1
29 612 4
31 612 1
37 612 2
38 612 3
39 612 3
48 612 1
49 612 6
54 612 1
56 612 5
57 612 6
58 612 1
59 612 1
62 612 1
65 612 1
70 612 3
85 612 2
89 612 2
90 612 3
91 612 3
94 612 4
95 612 4
97 612 1
9 613 1
18 613 1
27 613 1
41 613 1
64 613 4
73 613 3
80 613 2
100 613 1
42 618 1
57 618 1
59 618 1
85 618 1
39 619 1
99 621 1
6 624 1
7 624 1
9 628 1
25 628 2
26 628 1
84 628 3
85 628 1
96 628 1
25 631 3
44 631 1
57 631 3
61 631 1
69 631 1
70 631 2
77 631 2
89 631 1
41 632 1
34 636 1
1 637 2
29 637 2
42 637 1
43 637 1
51 637 1
57 637 1
59 637 1
60 637 2
75 637 3
78 637 1
80 637 1
82 637 1
85 637 1
89 637 1
6 638 1
83 638 1
27 640 1
32 640 3
67 640 2
76 640 2
9 642 1
77 644 1
83 644 3
83 645 1
100 646 1
17 648 3
2 649 1
7 649 1
8 649 1
9 649 1
25 649 2
26 649 1
29 649 1
54 649 1
62 649 1
63 649 1
73 649 1
1 650 2
2 650 1
4 650 1
7 650 4
8 650 4
9 650 1
11 650 1
14 650 1
21 650 1
23 650 3
24 650 1
25 650 1
26 650 3
29 650 1
33 650 2
36 650 1
39 650 1
40 650 3
42 650 5
43 650 3
44 650 4
49 650 2
51 650 1
52 650 1
53 650 2
55 650 1
57 650 3
58 650 1
59 650 1
60 650 1
61 650 1
66 650 2
68 650 1
69 650 1
73 650 1
74 650 1
79 650 5
80 650 5
81 650 2
82 650 1
85 650 2
87 650 1
94 650 8
95 650 2
96 650 6
100 650 1
9 651 1
83 651 1
43 652 1
77 654 1
49 655 1
21 656 1
99 656 1
14 657 1
36 659 1
40 659 1
64 659 2
89 659 1
94 659 1
14 660 1
42 660 1
17 663 1
33 663 1
34 663 1
91 663 1
33 664 2
88 664 1
33 665 1
44 665 1
61 665 3
87 665 1
44 666 1
85 666 1
87 666 1
85 667 1
66 668 1
93 668 1
7 669 4
8 669 7
9 669 1
43 669 1
69 669 1
96 669 9
14 670 1
19 673 1
83 676 1
83 677 1
85 677 2
9 678 1
14 678 1
73 678 1
73 679 1
92 679 1
1 680 1
38 680 3
58 680 1
68 681 2
30 682 1
72 682 1
77 682 1
82 682 1
100 682 1
82 683 2
49 684 2
73 686 1
42 687 1
77 687 3
22 688 1
25 688 3
50 688 1
73 688 2
77 688 1
83 688 1
94 688 2
42 689 6
78 689 1
100 689 5
33 690 2
57 690 1
24 692 1
25 694 1
47 694 1
100 694 1
49 695 1
48 698 1
69 699 1
32 700 1
69 700 4
29 701 2
32 702 1
48 702 1
77 702 1
94 702 1
83 703 1
3 704 1
4 704 2
13 704 1
14 704 1
15 704 1
16 704 1
17 704 1
22 704 1
24 704 4
25 704 1
28 704 1
32 704 6
33 704 1
35 704 1
44 704 1
47 704 2
49 704 2
50 704 1
52 704 1
57 704 1
59 704 3
61 704 1
62 704 3
72 704 1
73 704 2
86 704 1
87 704 1
93 704 1
94 704 5
99 704 1
24 705 5
47 705 1
85 705 1
92 705 1
16 708 1
39 708 1
68 708 1
57 711 3
96 712 1
14 714 1
16 714 1
62 714 2
69 714 1
76 714 1
85 714 1
94 714 1
84 715 1
17 716 1
31 716 1
17 717 2
33 717 1
36 717 1
70 718 2
14 719 1
60 720 2
97 721 1
23 723 2
60 723 1
43 724 1
1 725 2
24 726 1
32 726 1
33 726 1
54 726 1
83 727 6
1 730 1
99 730 1
14 731 1
20 731 1
28 731 1
44 731 1
59 731 2
60 731 1
82 731 1
86 731 2
87 731 1
98 731 1
24 732 1
44 734 1
27 735 1
28 735 1
33 735 1
67 735 1
74 735 1
5 736 1
33 736 1
42 736 1
49 736 2
54 736 2
55 736 1
76 736 1
92 736 1
98 736 1
62 737 1
82 737 1
16 741 1
25 741 1
51 741 1
72 741 1
94 741 1
77 742 1
44 744 1
87 744 1
25 752 1
28 753 1
70 754 1
94 754 1
89 756 1
80 757 1
86 757 1
93 757 1
2 758 1
14 758 1
56 758 1
14 762 1
27 762 1
72 762 6
85 762 1
92 762 1
94 762 1
56 763 1
68 763 1
1 766 1
7 766 1
15 766 1
17 766 1
25 766 1
30 766 2
39 766 1
40 766 2
41 766 3
52 766 1
1 767 3
11 767 1
12 767 1
17 767 1
19 767 1
25 767 1
29 767 1
30 767 1
35 767 1
41 767 1
47 767 1
52 767 2
53 767 1
58 767 1
69 767 1
70 767 1
74 767 2
78 767 1
84 767 3
99 767 2
16 768 1
30 768 1
37 768 1
43 768 1
78 768 1
43 769 1
16 772 1
98 773 1
28 775 3
94 776 1
5 778 1
75 778 1
90 778 3
91 778 1
20 780 1
99 780 1
47 781 1
59 781 1
22 782 1
68 782 2
72 782 2
81 782 1
8 783 1
54 784 1
57 784 1
97 784 1
100 784 1
17 785 1
83 785 1
17 787 1
93 787 2
9 790 1
14 791 1
25 791 1
80 791 1
88 791 1
23 792 1
24 793 1
45 793 1
47 793 1
51 793 6
52 793 1
62 793 1
91 793 1
94 793 3
97 793 1
79 795 5
10 796 1
82 796 1
50 797 1
6 798 1
29 798 1
91 798 1
13 800 1
34 800 1
46 800 1
73 800 1
78 800 1
80 800 1
12 801 2
23 801 1
24 801 1
39 801 1
55 801 1
63 801 1
71 801 1
81 801 1
82 801 1
12 804 1
75 804 2
93 804 1
100 804 1
14 806 1
59 807 2
27 808 1
43 808 1
36 809 1
62 810 1
9 812 1
25 812 1
77 812 2
99 812 1
24 815 1
75 816 3
100 816 2
47 817 1
62 817 3
79 817 1
94 817 2
92 819 1
2 820 1
67 820 1
83 820 1
90 820 1
7 822 2
18 822 3
19 822 1
25 822 3
28 822 1
33 822 5
34 822 1
37 822 1
60 822 1
61 822 6
63 822 1
64 822 1
85 822 1
88 822 3
89 822 4
93 822 1
18 823 1
20 824 1
47 826 1
49 826 1
73 826 1
92 826 1
12 827 1
45 827 1
25 828 1
91 829 1
56 830 5
57 830 2
14 831 1
15 831 1
29 831 1
16 833 1
27 833 2
29 833 2
33 833 1
45 833 1
47 833 1
64 833 1
73 833 1
83 833 1
99 833 2
94 834 1
59 835 1
40 836 1
61 836 3
78 836 1
29 839 1
30 839 2
83 841 4
2 842 4
3 842 2
4 842 1
8 842 1
9 842 4
21 842 1
22 842 3
23 842 2
25 842 2
29 842 1
41 842 1
44 842 1
50 842 1
61 842 3
62 842 1
72 842 1
74 842 1
75 842 1
87 842 2
96 842 2
52 845 1
88 845 1
42 846 2
100 847 1
47 848 1
12 850 4
14 850 1
24 850 1
25 850 2
33 850 2
36 850 1
37 850 1
49 850 1
51 850 1
76 850 3
77 850 7
82 850 2
83 850 2
85 850 2
1 852 1
2 852 7
3 852 3
4 852 4
6 852 2
7 852 3
9 852 3
16 852 1
17 852 5
18 852 7
19 852 3
21 852 2
22 852 1
23 852 6
24 852 1
25 852 7
26 852 3
27 852 4
28 852 5
33 852 6
34 852 7
35 852 3
36 852 2
37 852 5
38 852 2
39 852 6
44 852 1
45 852 8
48 852 5
49 852 3
50 852 2
51 852 1
52 852 1
53 852 3
54 852 1
55 852 1
56 852 2
57 852 2
58 852 2
59 852 4
60 852 1
61 852 3
62 852 1
63 852 3
64 852 1
69 852 1
70 852 3
72 852 1
73 852 3
74 852 2
81 852 3
84 852 7
85 852 3
86 852 4
87 852 3
88 852 5
89 852 8
91 852 2
93 852 1
94 852 8
96 852 3
97 852 14
98 852 3
16 854 1
76 854 1
45 855 1
76 855 4
99 855 1
2 856 3
4 856 1
14 856 1
22 856 1
23 856 1
33 856 1
44 856 2
48 856 1
50 856 2
59 856 3
61 856 5
71 856 3
72 856 4
73 856 6
87 856 2
88 856 1
98 856 1
14 857 4
15 857 6
52 857 4
51 859 1
62 859 1
76 860 1
85 860 2
100 860 1
34 863 1
83 863 1
79 865 1
13 866 1
14 866 1
33 866 1
44 866 1
47 866 2
52 866 2
60 866 3
70 866 1
87 866 1
88 866 1
100 866 5
37 868 1
15 870 2
17 870 1
25 870 1
28 870 2
49 870 1
52 870 1
66 870 1
67 870 2
68 870 1
72 870 1
73 870 1
94 870 3
98 870 1
92 871 1
33 872 1
43 872 1
47 872 1
89 872 1
14 874 1
24 874 1
48 874 2
15 875 1
45 875 1
24 876 1
28 876 1
80 876 1
92 876 1
94 876 1
25 877 1
36 877 1
54 877 1
76 877 1
1 879 1
8 879 1
9 879 3
14 879 1
17 879 1
22 879 1
23 879 1
25 879 1
33 879 1
34 879 1
42 879 1
53 879 1
57 879 2
58 879 2
59 879 1
61 879 1
62 879 1
63 879 1
69 879 1
70 879 1
72 879 1
73 879 1
76 879 1
77 879 3
78 879 1
80 879 1
84 879 1
85 879 1
89 879 3
94 879 3
42 880 1
53 880 1
84 880 1
65 881 1
88 882 1
83 883 1
27 884 1
1 886 1
2 886 3
11 886 2
22 886 1
25 886 1
44 886 1
45 886 1
59 886 1
73 886 1
87 886 1
87 887 2
88 887 4
10 890 2
25 890 1
34 890 2
41 890 1
45 890 1
48 890 1
54 890 1
56 890 1
62 890 3
63 890 1
70 890 2
76 890 2
85 890 1
89 890 1
94 890 1
44 891 1
87 891 1
42 895 1
83 895 1
4 897 1
9 897 3
16 897 1
21 897 1
49 897 1
59 897 1
61 897 2
62 897 1
72 897 1
77 897 1
99 897 1
24 900 1
85 901 2
93 903 1
9 905 1
30 905 1
88 905 2
16 906 1
32 906 1
39 906 1
47 906 1
50 906 1
59 906 2
67 906 1
72 906 1
73 906 1
76 906 1
89 906 1
95 906 1
96 906 1
12 907 1
97 907 1
99 907 3
37 908 1
92 909 1
14 910 1
25 911 1
44 911 1
99 911 1
9 912 1
25 912 1
15 913 2
18 915 1
22 915 1
27 915 1
33 915 3
34 915 1
49 915 1
68 915 1
73 915 1
84 915 1
85 915 1
33 916 1
34 918 1
6 919 1
50 919 1
6 920 1
11 920 1
16 920 1
17 920 1
24 920 1
27 920 1
47 920 1
49 920 1
54 920 1
68 920 1
73 920 3
76 920 1
78 920 1
79 920 1
89 920 1
97 920 1
99 920 3
20 922 3
75 922 1
94 922 1
14 923 1
20 923 1
44 923 1
87 923 1
92 923 1
77 924 1
94 924 1
25 925 1
65 926 1
92 929 1
25 931 1
39 931 1
45 931 1
89 931 2
6 932 1
26 932 1
39 932 2
42 932 1
83 932 1
85 932 1
96 932 1
6 933 1
9 933 1
14 933 1
15 933 1
16 933 1
20 933 1
23 933 1
25 933 2
27 933 1
28 933 1
32 933 1
33 933 1
36 933 1
44 933 1
47 933 1
49 933 5
54 933 3
55 933 1
56 933 1
67 933 1
70 933 1
75 933 2
77 933 2
78 933 1
80 933 1
82 933 1
90 933 1
91 933 1
92 933 1
93 933 1
94 933 2
96 933 1
98 933 3
99 933 1
35 934 1
82 935 7
77 936 4
9 938 2
16 938 1
29 938 1
39 938 1
63 938 1
69 938 1
96 938 1
73 940 1
86 940 1
3 941 1
11 941 2
13 941 1
22 941 1
36 941 1
49 941 1
54 941 4
55 941 4
59 941 1
62 941 8
73 941 3
74 941 1
79 941 2
94 941 5
96 941 1
99 941 1
95 942 1
32 946 1
53 947 1
73 947 1
83 947 1
9 948 2
25 948 1
36 948 1
58 948 1
72 948 1
77 948 1
94 948 1
66 950 1
73 950 1
83 950 1
89 950 1
86 954 2
25 956 1
63 956 1
18 958 1
72 958 1
14 960 1
8 961 1
58 963 2
34 965 1
92 965 2
92 966 1
44 968 1
5 969 6
6 969 4
12 969 1
20 969 1
21 969 3
22 969 2
23 969 2
24 969 4
28 969 1
29 969 2
30 969 1
36 969 1
37 969 4
45 969 5
49 969 3
50 969 1
51 969 2
54 969 2
55 969 3
61 969 1
62 969 4
68 969 1
72 969 1
73 969 1
74 969 1
77 969 4
81 969 3
82 969 5
84 969 1
85 969 2
88 969 1
89 969 1
91 969 1
95 969 1
98 969 2
23 971 1
36 971 1
44 971 2
49 971 4
50 971 1
55 971 1
61 971 1
66 971 2
71 971 1
81 971 1
94 971 2
98 971 1
13 972 5
51 972 1
62 972 1
66 972 2
5 974 2
13 974 1
29 974 3
51 974 5
66 974 1
77 974 2
95 974 1
7 976 2
8 976 1
43 976 1
86 976 2
96 976 3
50 977 1
62 977 1
25 978 1
68 978 3
84 978 1
25 981 2
35 983 1
42 983 1
61 983 1
75 983 1
35 984 1
49 984 1
68 984 1
81 984 1
12 985 2
14 985 1
24 985 1
34 985 1
36 985 1
52 985 3
58 985 1
67 985 1
69 985 3
79 985 1
82 985 5
83 985 2
2 986 1
12 986 3
14 986 1
38 986 1
92 986 3
85 987 1
8 989 1
30 989 1
49 989 1
63 989 1
84 989 1
89 989 1
77 990 1
82 996 1
42 998 2
41 1000 1
76 1000 1
80 1000 1
86 1002 1
13 1003 1
19 1003 1
25 1003 1
42 1003 1
77 1003 2
78 1003 1
92 1003 1
99 1003 2
100 1003 1
99 1005 1
2 1010 2
9 1010 2
17 1010 1
19 1010 4
20 1010 2
25 1010 4
26 1010 4
27 1010 2
28 1010 3
35 1010 4
36 1010 1
37 1010 5
56 1010 4
57 1010 3
63 1010 2
68 1010 3
84 1010 1
85 1010 4
93 1010 1
77 1011 3
63 1015 1
68 1015 1
47 1017 1
77 1017 1
78 1017 1
95 1017 1
71 1018 1
62 1019 1
18 1020 1
99 1020 2
45 1022 2
14 1024 1
55 1024 1
60 1025 1
49 1026 1
68 1028 1
58 1031 1
10 1032 4
35 1032 1
36 1032 1
89 1032 1
18 1033 2
59 1036 1
84 1036 1
60 1040 1
99 1040 1
100 1040 1
14 1041 1
25 1041 1
27 1041 1
34 1041 1
35 1041 1
39 1041 1
46 1041 1
69 1041 1
80 1041 1
83 1041 2
85 1041 2
99 1041 1
100 1041 1
14 1044 1
38 1044 1
92 1044 1
7 1047 1
64 1048 1
64 1049 3
20 1051 2
16 1053 1
33 1053 1
45 1053 1
57 1053 3
59 1053 1
81 1053 1
24 1054 1
50 1054 1
74 1054 1
92 1054 1
95 1054 1
98 1054 1
99 1055 1
14 1056 1
52 1056 2
54 1056 1
59 1056 1
80 1056 1
92 1056 1
2 1058 3
3 1058 1
4 1058 3
9 1058 1
16 1058 2
17 1058 2
23 1058 3
44 1058 2
73 1058 3
81 1058 2
87 1058 1
94 1058 1
1 1059 1
15 1059 1
29 1059 2
48 1059 1
53 1059 2
58 1059 1
66 1059 4
79 1059 1
80 1059 2
82 1059 1
94 1059 1
40 1060 1
43 1060 1
61 1060 2
75 1060 1
80 1060 1
94 1060 2
96 1060 1
7 1061 1
40 1061 1
48 1061 1
53 1061 3
66 1061 3
75 1061 1
77 1061 1
14 1062 1
1 1063 2
37 1065 1
62 1065 1
89 1065 2
6 1067 1
7 1067 1
20 1067 1
25 1067 1
29 1067 1
40 1067 1
54 1067 1
66 1067 1
58 1068 1
65 1068 1
86 1068 1
39 1069 1
54 1069 1
62 1069 1
93 1069 1
7 1074 1
25 1074 1
42 1074 1
71 1074 1
100 1074 1
21 1080 1
29 1080 1
49 1080 3
62 1080 1
71 1080 1
73 1080 1
42 1081 1
62 1081 1
17 1082 1
18 1083 1
11 1084 1
14 1084 1
22 1084 1
26 1084 1
57 1084 1
80 1084 1
82 1084 1
84 1084 3
85 1084 1
88 1084 4
89 1084 1
29 1086 1
35 1086 1
36 1086 2
41 1086 1
96 1086 1
7 1087 1
15 1087 1
32 1087 1
50 1087 1
89 1087 1
96 1087 1
80 1089 1
9 1091 1
84 1091 2
9 1092 2
89 1094 1
5 1095 2
6 1095 2
12 1095 1
75 1095 2
92 1095 1
78 1097 3
2 1098 1
7 1101 1
11 1101 1
40 1101 1
6 1104 1
9 1104 3
25 1104 2
91 1104 1
90 1105 1
15 1107 1
62 1107 1
65 1107 1
72 1107 2
85 1107 1
94 1107 1
1 1108 1
61 1108 1
94 1108 1
14 1109 1
34 1109 1
72 1109 2
1 1110 1
29 1110 1
25 1111 1
65 1111 1
83 1111 1
83 1112 1
11 1113 1
14 1113 2
25 1113 2
26 1113 1
37 1113 1
63 1113 1
64 1113 2
89 1113 1
97 1113 4
11 1114 1
20 1114 1
26 1114 1
44 1114 1
99 1114 1
28 1115 1
34 1115 1
37 1115 2
44 1115 1
87 1115 1
6 1116 1
60 1117 1
66 1118 2
5 1120 2
45 1120 2
47 1120 2
89 1120 1
97 1120 1
41 1124 1
24 1127 1
27 1127 1
57 1127 1
62 1127 1
80 1127 1
86 1127 1
38 1129 1
14 1130 1
14 1131 1
47 1131 1
85 1131 1
46 1133 3
47 1133 1
7 1134 1
42 1134 1
2 1135 1
9 1135 1
40 1135 2
44 1135 1
56 1135 1
57 1135 1
72 1135 1
73 1135 1
79 1135 1
82 1135 1
84 1135 1
87 1135 1
94 1135 1
34 1136 1
37 1136 3
51 1136 1
1 1137 2
8 1137 1
9 1137 2
19 1137 2
29 1137 1
30 1137 2
34 1137 1
44 1137 1
45 1137 2
50 1137 3
56 1137 1
73 1137 2
74 1137 1
78 1137 1
79 1137 1
80 1137 1
82 1137 3
84 1137 3
89 1137 4
90 1137 1
99 1137 2
2 1138 3
25 1138 4
26 1138 2
28 1138 1
35 1138 1
37 1138 3
48 1138 1
62 1138 1
73 1138 1
86 1138 1
93 1138 1
63 1139 1
24 1141 1
44 1141 1
49 1141 2
50 1141 1
73 1141 1
77 1141 1
87 1141 1
13 1142 1
85 1145 1
2 1148 1
64 1149 2
97 1149 3
13 1151 1
62 1151 1
81 1151 3
84 1151 1
99 1152 3
86 1153 1
15 1154 1
14 1155 1
22 1157 1
7 1158 1
40 1158 1
76 1158 1
86 1158 5
66 1161 4
22 1162 1
25 1163 1
7 1165 1
20 1165 1
43 1165 1
57 1165 3
98 1166 1
4 1168 1
54 1168 2
72 1168 1
7 1172 1
43 1172 1
77 1173 1
82 1175 1
14 1177 1
36 1177 1
83 1177 1
22 1178 1
8 1179 1
7 1180 1
40 1180 1
17 1181 1
4 1184 2
7 1184 2
9 1184 3
11 1184 2
16 1184 1
21 1184 2
23 1184 3
43 1184 1
49 1184 3
50 1184 3
54 1184 3
55 1184 5
59 1184 2
62 1184 3
71 1184 3
72 1184 1
73 1184 4
80 1184 1
81 1184 2
84 1184 1
88 1184 1
89 1184 1
94 1184 3
96 1184 3
98 1184 3
72 1185 2
80 1187 1
13 1188 1
19 1188 1
22 1188 1
46 1188 3
53 1188 1
58 1188 1
59 1188 1
69 1188 2
76 1188 1
83 1188 3
92 1188 1
97 1188 1
100 1188 1
92 1189 1
12 1190 1
14 1191 1
25 1191 2
7 1193 1
42 1193 1
80 1193 4
73 1195 1
94 1195 1
100 1195 1
13 1198 3
50 1198 1
56 1198 6
2 1199 2
3 1199 2
4 1199 5
6 1199 1
7 1199 3
8 1199 2
9 1199 6
12 1199 1
16 1199 5
17 1199 2
21 1199 1
22 1199 1
23 1199 3
24 1199 8
34 1199 2
37 1199 1
40 1199 2
43 1199 3
45 1199 3
49 1199 2
50 1199 4
53 1199 4
54 1199 4
55 1199 3
59 1199 3
62 1199 5
63 1199 1
71 1199 4
72 1199 4
73 1199 4
74 1199 3
76 1199 2
79 1199 2
80 1199 4
89 1199 7
91 1199 1
94 1199 2
96 1199 2
25 1201 1
35 1201 1
72 1201 1
80 1201 1
94 1201 2
13 1202 1
43 1202 1
54 1202 3
67 1202 1
82 1202 1
2 1203 1
8 1203 1
9 1203 1
25 1203 2
26 1203 1
25 1204 1
26 1204 3
39 1204 1
9 1205 1
73 1205 1
77 1205 1
83 1205 1
89 1206 1
26 1207 1
29 1209 2
33 1209 1
53 1209 1
65 1209 1
74 1209 1
89 1209 4
40 1211 1
75 1211 1
82 1211 2
24 1212 1
83 1214 1
75 1215 1
100 1215 1
1 1217 4
69 1217 1
86 1217 3
77 1220 4
41 1222 1
46 1222 1
14 1223 1
91 1224 1
94 1224 2
34 1225 1
100 1225 1
27 1226 1
28 1226 2
56 1226 2
86 1226 1
100 1228 2
15 1229 1
28 1229 1
73 1229 1
37 1230 1
39 1230 1
91 1230 1
5 1231 2
29 1231 1
47 1231 1
62 1231 1
81 1231 1
94 1231 1
15 1234 1
29 1235 1
54 1235 1
33 1236 1
30 1237 1
76 1237 1
7 1238 1
37 1238 1
82 1238 1
12 1239 1
14 1239 1
47 1239 1
51 1239 6
92 1239 1
1 1241 1
13 1241 3
47 1241 1
60 1241 1
75 1241 2
7 1242 1
9 1242 1
14 1242 1
20 1242 2
23 1242 1
45 1242 1
58 1242 1
62 1242 1
80 1242 1
88 1244 1
40 1245 1
43 1245 1
54 1245 1
78 1245 1
79 1245 1
96 1245 1
30 1247 1
77 1247 2
83 1247 2
89 1247 1
6 1248 1
76 1249 1
14 1252 1
9 1253 1
10 1253 3
25 1253 1
43 1253 1
77 1253 1
82 1253 2
86 1253 1
47 1254 2
9 1255 1
70 1255 1
9 1257 1
53 1257 1
66 1257 1
78 1257 1
79 1257 1
14 1262 2
19 1262 1
44 1262 2
73 1262 1
82 1262 1
94 1262 1
7 1263 1
9 1263 3
10 1263 1
14 1263 3
27 1263 1
33 1263 1
35 1263 1
39 1263 3
40 1263 3
41 1263 1
45 1263 2
48 1263 1
49 1263 2
50 1263 2
52 1263 2
53 1263 4
54 1263 1
55 1263 1
56 1263 5
57 1263 2
58 1263 2
62 1263 1
63 1263 2
64 1263 1
69 1263 1
70 1263 8
73 1263 1
74 1263 1
76 1263 1
78 1263 1
79 1263 1
80 1263 2
84 1263 1
89 1263 3
94 1263 1
1 1265 2
4 1265 1
9 1265 2
10 1265 1
13 1265 1
14 1265 2
24 1265 1
28 1265 1
46 1265 1
49 1265 2
52 1265 1
55 1265 1
56 1265 1
64 1265 1
66 1265 1
70 1265 1
71 1265 1
74 1265 1
75 1265 1
78 1265 1
79 1265 1
80 1265 1
82 1265 1
83 1265 1
86 1265 1
96 1265 1
33 1266 5
34 1266 1
61 1266 6
88 1266 3
44 1267 1
87 1267 3
88 1267 2
23 1269 1
48 1269 1
62 1269 1
80 1269 1
88 1269 2
94 1269 1
50 1271 1
73 1271 2
77 1271 1
59 1272 1
44 1273 1
85 1273 1
30 1277 1
100 1277 1
17 1278 1
97 1278 1
56 1279 1
94 1279 1
14 1280 1
94 1281 2
83 1282 3
32 1283 1
73 1283 1
77 1283 1
11 1284 1
25 1284 1
37 1284 1
42 1284 1
85 1285 1
16 1289 1
17 1289 1
32 1289 2
44 1289 1
69 1289 1
77 1289 2
84 1289 5
89 1289 1
100 1289 1
37 1292 1
51 1292 1
77 1292 2
82 1292 4
49 1293 1
73 1293 2
78 1293 1
15 1295 1
46 1295 3
47 1295 5
92 1295 1
20 1296 1
30 1296 1
32 1296 3
53 1296 1
77 1296 1
89 1296 1
5 1297 1
7 1297 1
11 1297 1
14 1297 1
28 1297 2
33 1297 1
42 1297 3
44 1297 3
48 1297 1
51 1297 1
52 1297 3
66 1297 1
68 1297 1
77 1297 3
83 1297 1
100 1297 1
9 1298 2
16 1298 1
22 1298 1
37 1298 1
40 1298 1
70 1298 1
73 1298 2
76 1298 1
78 1298 1
94 1298 1
97 1298 6
99 1298 9
100 1298 1
76 1299 1
88 1299 1
13 1300 1
16 1300 1
39 1300 1
58 1300 1
63 1300 2
69 1300 1
76 1300 1
78 1300 1
80 1300 1
84 1300 1
99 1300 1
8 1301 2
9 1301 4
30 1301 1
41 1301 1
45 1301 1
53 1301 2
58 1301 2
74 1301 1
76 1301 4
38 1305 1
80 1305 1
89 1305 1
68 1306 1
47 1308 3
92 1308 1
46 1310 1
6 1316 1
12 1316 1
13 1316 1
14 1316 1
15 1316 4
24 1316 1
32 1316 1
33 1316 1
35 1316 1
43 1316 1
47 1316 4
48 1316 1
49 1316 1
50 1316 5
52 1316 2
54 1316 6
55 1316 1
56 1316 1
58 1316 2
59 1316 2
60 1316 2
63 1316 2
68 1316 1
69 1316 1
70 1316 2
72 1316 1
73 1316 1
82 1316 1
85 1316 1
91 1316 4
93 1316 1
97 1316 1
100 1316 1
56 1318 1
77 1323 1
14 1324 1
55 1324 1
17 1328 1
32 1328 5
36 1328 1
77 1328 1
38 1329 2
11 1331 4
17 1331 2
89 1331 1
97 1331 3
12 1333 1
14 1333 1
15 1333 1
42 1333 4
52 1333 3
67 1333 1
73 1333 1
14 1334 1
29 1334 3
30 1334 1
42 1334 1
45 1334 1
51 1334 5
53 1334 2
75 1334 1
78 1334 2
80 1334 1
84 1334 1
89 1334 1
92 1334 1
95 1334 2
97 1334 1
41 1335 2
66 1335 1
79 1335 3
66 1336 1
70 1336 2
92 1337 1
13 1338 1
14 1338 1
16 1338 1
20 1338 2
65 1338 1
58 1339 1
42 1345 1
60 1345 3
50 1346 1
59 1346 1
94 1346 1
97 1346 1
14 1347 1
14 1348 2
15 1348 1
21 1348 1
25 1348 1
32 1348 6
42 1348 2
52 1348 1
60 1348 1
61 1348 1
67 1348 2
71 1348 1
77 1348 2
99 1348 1
77 1349 1
90 1349 1
42 1350 3
76 1350 1
78 1350 1
64 1351 1
22 1354 1
36 1354 1
72 1354 2
85 1354 1
9 1355 1
25 1355 1
73 1355 1
2 1358 1
25 1358 1
34 1358 1
94 1359 1
77 1360 1
8 1365 1
41 1367 1
24 1369 1
25 1369 1
28 1369 1
49 1369 1
50 1369 1
54 1369 1
58 1369 1
73 1369 3
83 1369 1
97 1369 1
25 1370 1
89 1370 1
97 1370 3
44 1371 1
2 1372 1
17 1372 1
42 1372 1
49 1372 1
82 1372 1
94 1372 1
36 1374 1
92 1374 1
44 1376 1
49 1376 1
59 1376 1
49 1377 1
57 1378 1
14 1379 1
32 1379 1
81 1379 1
94 1379 1
95 1379 1
14 1381 1
57 1381 1
73 1381 1
77 1382 1
83 1382 1
49 1383 1
78 1384 2
14 1385 3
37 1385 2
46 1385 1
63 1385 1
20 1386 2
27 1386 3
28 1386 3
35 1386 1
36 1386 2
58 1386 2
65 1389 1
100 1389 1
9 1390 1
59 1396 1
66 1396 1
78 1396 1
88 1396 1
24 1397 4
14 1399 1
24 1399 1
62 1399 1
28 1401 1
97 1402 1
36 1403 1
68 1403 1
14 1404 1
20 1404 1
42 1404 1
52 1404 1
58 1404 3
62 1404 1
64 1404 1
73 1404 1
81 1404 2
82 1404 1
2 1407 1
20 1407 1
25 1407 6
44 1407 7
58 1407 1
79 1407 2
82 1407 1
25 1408 1
45 1409 2
89 1409 4
18 1410 1
19 1410 1
26 1410 1
28 1410 3
37 1410 1
43 1410 2
44 1410 1
46 1410 1
57 1410 1
87 1410 1
88 1410 1
90 1410 1
58 1411 1
75 1411 1
81 1411 1
97 1412 1
7 1414 4
8 1414 1
9 1414 10
10 1414 1
14 1414 3
21 1414 1
22 1414 1
23 1414 1
24 1414 1
25 1414 1
30 1414 1
33 1414 1
35 1414 1
37 1414 1
40 1414 3
41 1414 1
43 1414 2
45 1414 2
46 1414 1
48 1414 1
49 1414 3
50 1414 5
52 1414 2
53 1414 12
54 1414 4
55 1414 3
56 1414 5
57 1414 2
58 1414 2
59 1414 2
60 1414 1
62 1414 2
63 1414 3
64 1414 1
69 1414 1
70 1414 9
73 1414 3
74 1414 1
76 1414 3
78 1414 1
79 1414 5
80 1414 6
81 1414 1
83 1414 1
84 1414 1
88 1414 2
89 1414 3
93 1414 1
94 1414 1
96 1414 3
97 1414 1
98 1414 1
24 1415 3
29 1415 3
34 1415 1
49 1415 1
54 1415 2
55 1415 1
72 1415 3
92 1415 1
93 1415 1
98 1415 1
15 1416 1
59 1416 1
61 1416 1
94 1416 1
59 1418 1
81 1418 1
99 1419 1
99 1421 1
64 1422 3
45 1423 2
53 1423 1
30 1424 1
53 1424 1
78 1424 1
79 1424 2
80 1424 1
32 1426 1
36 1426 1
94 1426 1
4 1428 1
6 1428 1
8 1428 2
9 1428 2
19 1428 1
25 1428 1
29 1428 1
34 1428 1
40 1428 1
42 1428 1
47 1428 1
48 1428 1
52 1428 1
53 1428 1
54 1428 1
63 1428 1
66 1428 1
68 1428 2
72 1428 1
73 1428 1
76 1428 1
78 1428 1
79 1428 3
86 1429 1
44 1430 1
87 1430 1
5 1431 1
11 1431 1
44 1431 1
49 1431 1
78 1431 1
83 1431 1
9 1432 1
69 1432 1
83 1432 1
7 1435 1
70 1435 2
71 1435 1
96 1435 1
56 1438 2
57 1438 3
53 1439 1
5 1441 1
6 1441 1
11 1441 1
12 1441 1
24 1441 1
25 1441 1
28 1441 1
29 1441 2
36 1441 1
39 1441 1
41 1441 1
43 1441 1
69 1441 1
73 1441 1
85 1441 1
89 1441 1
90 1441 2
91 1441 2
99 1441 1
5 1442 2
6 1442 2
30 1442 1
91 1442 1
9 1444 1
36 1445 1
47 1448 1
43 1450 1
47 1450 1
73 1450 1
1 1455 1
14 1455 1
33 1455 1
37 1455 1
49 1455 1
60 1455 1
73 1455 1
77 1455 1
84 1455 1
85 1455 1
94 1455 3
24 1457 1
59 1457 2
62 1457 1
73 1457 1
94 1457 1
47 1458 1
65 1458 1
58 1459 2
12 1460 1
2 1461 1
14 1462 1
100 1463 1
32 1465 1
67 1466 1
32 1467 2
67 1467 2
93 1469 1
53 1470 1
92 1470 1
7 1472 1
29 1472 1
54 1472 1
62 1472 1
63 1472 1
73 1472 1
97 1472 2
14 1474 1
91 1474 1
76 1475 1
2 1476 1
18 1476 1
41 1480 1
82 1480 1
97 1481 1
83 1482 1
15 1486 2
31 1486 3
75 1486 2
2 1487 1
15 1487 1
35 1487 1
42 1487 2
45 1487 1
46 1487 2
78 1487 1
83 1487 1
89 1487 1
94 1487 1
96 1487 1
97 1487 1
99 1487 1
100 1487 1
23 1489 1
44 1489 1
87 1489 1
91 1489 1
97 1489 1
99 1489 1
20 1490 1
24 1490 2
27 1490 1
29 1490 1
42 1490 1
57 1490 2
59 1490 2
62 1490 1
63 1490 2
66 1490 4
72 1490 1
78 1490 1
79 1490 1
80 1490 1
82 1490 1
84 1490 2
88 1490 2
89 1490 1
94 1490 2
1 1491 2
29 1491 1
36 1491 1
38 1491 1
42 1491 6
45 1491 3
73 1491 2
83 1491 1
89 1491 2
100 1491 1
17 1493 1
59 1493 1
80 1495 2
83 1495 4
85 1495 1
6 1496 1
14 1496 1
24 1496 1
34 1496 1
49 1496 2
55 1496 1
56 1496 1
62 1496 1
73 1496 1
79 1496 1
75 1497 1
65 1499 1
2 1501 5
3 1501 2
27 1501 1
39 1501 2
44 1501 1
87 1501 3
94 1501 1
22 1502 1
67 1502 4
39 1503 1
65 1503 2
66 1504 6
82 1506 1
7 1507 1
40 1507 1
44 1507 1
49 1507 2
79 1507 1
57 1508 1
58 1508 3
63 1508 1
72 1508 1
83 1508 1
91 1510 1
11 1513 1
77 1513 2
82 1513 2
7 1514 1
30 1514 1
60 1515 1
36 1516 1
29 1518 1
83 1518 2
90 1519 3
91 1519 3
47 1520 1
54 1520 1
84 1520 1
72 1521 1
75 1524 1
89 1525 1
90 1525 1
21 1526 1
26 1526 1
73 1526 1
11 1528 1
25 1528 1
37 1528 5
43 1528 1
83 1528 2
30 1529 2
14 1532 1
19 1532 1
24 1532 1
34 1532 1
38 1532 1
97 1532 1
34 1533 1
37 1533 1
98 1533 1
45 1534 1
58 1534 1
88 1535 3
14 1536 7
52 1536 1
78 1537 2
42 1538 2
9 1540 1
11 1543 1
45 1544 1
73 1544 1
23 1547 1
25 1547 1
48 1547 1
64 1547 4
65 1547 2
97 1547 3
100 1552 5
34 1553 2
92 1555 1
2 1556 4
3 1556 2
4 1556 3
8 1556 1
9 1556 5
13 1556 5
15 1556 5
21 1556 2
22 1556 3
23 1556 2
25 1556 1
29 1556 3
31 1556 1
41 1556 1
44 1556 1
50 1556 1
61 1556 5
62 1556 1
72 1556 1
87 1556 3
96 1556 4
98 1556 4
42 1557 1
96 1558 1
59 1560 2
6 1561 1
16 1561 1
24 1561 5
27 1561 1
28 1561 1
35 1561 4
37 1561 1
49 1561 1
51 1561 1
54 1561 2
55 1561 2
59 1561 1
82 1561 3
84 1561 2
85 1561 1
89 1561 1
91 1561 1
14 1562 1
49 1566 3
52 1566 1
44 1568 1
59 1568 4
84 1568 1
87 1568 3
25 1570 1
45 1570 1
62 1570 1
85 1570 1
89 1570 1
90 1570 1
7 1571 4
8 1571 1
96 1571 1
9 1573 1
33 1573 1
35 1573 1
68 1573 1
83 1573 1
2 1574 1
25 1574 1
45 1574 1
49 1574 1
62 1574 1
82 1574 1
1 1577 1
60 1577 2
7 1579 1
14 1579 1
86 1579 2
94 1579 1
100 1579 5
77 1581 5
11 1582 1
14 1582 1
23 1582 1
44 1582 1
49 1582 3
87 1582 1
88 1582 1
99 1582 1
37 1583 1
82 1583 1
36 1584 1
54 1584 2
23 1585 1
37 1585 1
49 1585 1
50 1585 2
54 1585 1
55 1585 1
62 1585 1
98 1585 1
36 1587 1
48 1587 1
69 1587 1
70 1587 1
25 1588 2
30 1588 1
69 1588 3
83 1589 2
89 1589 1
93 1589 1
38 1590 3
49 1590 1
79 1590 1
14 1591 1
83 1592 1
18 1593 2
30 1593 1
11 1594 2
33 1594 1
40 1594 1
44 1594 1
54 1594 1
61 1594 2
87 1594 1
2 1595 1
18 1595 1
29 1595 1
34 1595 1
35 1595 1
41 1595 1
42 1595 2
43 1595 1
44 1595 2
49 1595 2
50 1595 1
53 1595 2
73 1595 2
83 1595 2
84 1595 1
89 1595 1
94 1595 1
95 1595 1
97 1595 2
99 1595 1
3 1597 1
5 1597 1
12 1597 1
15 1597 1
19 1597 1
20 1597 1
24 1597 1
29 1597 4
32 1597 1
35 1597 2
47 1597 1
49 1597 1
50 1597 1
52 1597 1
56 1597 2
57 1597 1
60 1597 1
62 1597 1
63 1597 1
64 1597 1
66 1597 1
68 1597 2
72 1597 1
76 1597 3
86 1597 1
89 1597 3
95 1597 1
96 1597 1
3 1598 1
10 1598 4
11 1598 3
14 1598 1
15 1598 1
16 1598 1
19 1598 2
20 1598 1
25 1598 4
27 1598 1
35 1598 3
36 1598 1
37 1598 2
38 1598 4
39 1598 3
44 1598 2
49 1598 1
53 1598 1
54 1598 4
55 1598 4
56 1598 6
57 1598 6
58 1598 7
59 1598 1
62 1598 7
63 1598 3
64 1598 3
70 1598 3
74 1598 1
75 1598 1
76 1598 6
77 1598 1
79 1598 2
80 1598 1
84 1598 1
85 1598 1
89 1598 8
94 1598 5
96 1598 1
97 1598 2
92 1600 1
79 1603 1
81 1603 1
52 1604 1
62 1604 1
77 1604 1
80 1604 1
8 1605 1
54 1605 1
73 1605 1
94 1605 1
41 1607 1
49 1607 2
89 1608 1
33 1610 1
76 1611 1
1 1613 1
2 1613 4
4 1613 1
6 1613 1
11 1613 3
12 1613 1
13 1613 1
14 1613 3
15 1613 1
26 1613 1
28 1613 1
33 1613 1
34 1613 1
35 1613 1
44 1613 3
46 1613 1
51 1613 1
60 1613 1
72 1613 2
73 1613 3
75 1613 1
81 1613 2
82 1613 1
87 1613 2
92 1613 6
93 1613 3
97 1613 3
98 1613 1
99 1613 3
28 1614 1
14 1615 1
30 1615 1
36 1615 1
52 1615 2
85 1615 1
36 1616 1
85 1616 1
85 1617 1
97 1617 1
42 1618 1
66 1618 1
100 1618 1
1 1619 1
14 1619 1
64 1619 3
99 1620 1
47 1621 1
73 1621 2
99 1621 3
14 1623 1
49 1623 4
54 1623 3
61 1623 1
64 1623 1
70 1623 1
71 1623 1
72 1623 1
74 1623 3
76 1623 2
82 1623 1
88 1623 1
94 1623 2
11 1624 1
76 1624 1
92 1624 1
72 1627 1
90 1631 1
1 1632 1
42 1632 8
78 1632 4
100 1632 1
13 1633 1
97 1634 1
14 1635 1
23 1635 1
25 1635 1
44 1635 1
48 1635 1
55 1635 2
59 1635 3
81 1635 1
82 1635 5
87 1635 1
91 1635 1
55 1637 1
94 1637 1
14 1638 1
89 1638 1
93 1638 1
7 1639 1
40 1639 1
77 1639 1
82 1641 3
83 1641 1
83 1642 6
34 1645 1
37 1645 1
47 1645 1
72 1645 1
92 1645 1
24 1646 1
25 1646 1
70 1646 1
83 1646 1
84 1646 1
44 1647 1
47 1647 1
87 1647 1
69 1648 1
80 1648 1
86 1649 2
46 1651 1
89 1651 1
96 1651 4
33 1653 1
83 1653 1
26 1655 1
35 1655 1
37 1655 1
42 1655 1
44 1655 1
46 1655 1
47 1655 1
51 1655 1
54 1655 1
56 1655 1
57 1655 1
76 1657 1
9 1659 1
49 1659 1
39 1663 1
23 1664 1
33 1664 1
37 1664 1
99 1664 1
52 1666 1
36 1667 1
44 1668 1
9 1669 1
18 1669 1
84 1669 1
18 1670 3
100 1670 1
83 1671 2
85 1671 2
95 1671 1
82 1672 1
18 1673 4
58 1673 1
94 1673 1
8 1676 1
9 1676 2
29 1676 1
40 1676 1
47 1676 1
53 1676 1
56 1676 2
59 1676 1
63 1676 2
64 1676 1
69 1676 2
70 1676 1
71 1676 1
77 1676 6
84 1676 1
85 1676 1
89 1676 1
94 1676 1
79 1677 1
92 1677 1
14 1678 1
54 1678 1
56 1678 1
57 1678 1
100 1678 1
32 1679 1
22 1680 1
5 1681 2
6 1681 1
24 1681 3
36 1681 2
59 1681 2
61 1681 2
84 1681 1
88 1681 1
94 1681 1
7 1682 1
67 1682 1
77 1682 1
1 1683 1
14 1683 1
20 1683 1
28 1683 1
33 1683 3
43 1683 1
45 1683 3
50 1683 1
53 1683 1
56 1683 6
57 1683 2
59 1683 4
62 1683 2
66 1683 10
68 1683 1
70 1683 1
73 1683 1
76 1683 1
77 1683 4
86 1683 3
88 1683 1
89 1683 2
94 1683 2
96 1683 4
82 1686 3
77 1687 1
82 1687 4
83 1688 1
96 1688 1
24 1691 1
86 1691 1
49 1692 1
69 1695 1
93 1699 1
34 1700 1
42 1700 2
70 1700 1
8 1701 1
63 1701 1
53 1702 1
89 1702 1
6 1703 1
28 1703 2
43 1703 1
91 1703 1
2 1704 1
44 1704 1
46 1704 1
87 1704 1
90 1704 1
99 1704 1
24 1706 5
89 1707 4
76 1708 1
23 1710 1
71 1710 1
89 1710 1
44 1712 1
14 1713 3
15 1713 1
24 1713 1
32 1713 1
61 1713 1
77 1713 1
77 1715 1
100 1715 1
33 1716 1
44 1716 1
6 1720 1
17 1720 1
21 1720 2
28 1720 2
95 1720 3
35 1723 1
39 1724 2
85 1725 1
75 1726 2
97 1727 1
14 1728 1
33 1729 1
2 1730 1
22 1730 2
35 1730 2
45 1730 4
53 1730 3
84 1730 1
85 1730 1
89 1730 4
94 1730 2
57 1733 1
24 1735 1
72 1735 1
8 1736 1
10 1736 2
13 1736 1
16 1736 1
20 1736 1
38 1736 3
43 1736 2
55 1736 1
62 1736 1
73 1736 1
77 1736 1
96 1736 1
97 1736 1
99 1736 1
14 1737 1
47 1737 1
69 1737 1
7 1738 1
33 1738 1
40 1738 1
61 1738 3
72 1738 1
88 1738 1
25 1739 1
32 1739 1
47 1739 1
77 1739 1
100 1739 1
83 1742 1
1 1747 1
16 1748 1
22 1748 1
29 1748 1
96 1748 1
17 1749 2
25 1750 1
60 1752 1
73 1752 2
84 1752 1
16 1753 1
76 1753 1
35 1754 1
50 1754 1
72 1754 1
96 1755 1
14 1756 1
65 1756 1
8 1757 1
24 1757 1
65 1757 1
29 1758 2
33 1758 1
92 1758 1
16 1761 1
33 1761 2
34 1761 1
51 1761 1
55 1761 1
77 1761 1
78 1761 1
81 1761 1
85 1761 1
47 1762 1
62 1762 2
77 1763 1
51 1764 1
11 1765 1
12 1765 1
14 1765 1
33 1765 1
53 1765 1
6 1767 1
33 1767 1
91 1767 1
12 1768 1
47 1768 1
51 1768 2
25 1770 1
40 1770 1
14 1771 1
78 1771 2
29 1774 1
2 1775 1
35 1775 1
94 1775 1
1 1777 1
7 1777 1
8 1777 1
9 1777 2
10 1777 1
13 1777 1
14 1777 1
15 1777 1
16 1777 1
20 1777 2
22 1777 1
24 1777 2
25 1777 1
27 1777 1
29 1777 5
35 1777 2
36 1777 1
38 1777 2
39 1777 1
40 1777 1
41 1777 1
42 1777 1
44 1777 1
47 1777 1
49 1777 5
50 1777 2
52 1777 2
53 1777 1
54 1777 3
55 1777 1
58 1777 2
63 1777 1
66 1777 1
68 1777 3
75 1777 1
76 1777 2
78 1777 3
82 1777 2
83 1777 1
84 1777 2
85 1777 1
86 1777 1
89 1777 1
93 1777 1
94 1777 1
95 1777 1
98 1777 1
99 1777 3
42 1778 1
29 1780 1
62 1780 1
91 1780 1
20 1783 1
43 1784 1
89 1784 1
93 1787 2
96 1787 3
14 1788 1
20 1789 1
25 1790 2
56 1790 3
57 1790 2
7 1791 3
8 1791 1
9 1791 7
25 1791 1
37 1791 1
43 1791 2
50 1791 1
53 1791 8
54 1791 2
55 1791 1
62 1791 1
63 1791 1
73 1791 2
76 1791 2
79 1791 4
80 1791 5
89 1791 1
96 1791 3
99 1791 1
25 1793 1
42 1794 5
78 1794 1
100 1794 2
15 1795 1
16 1800 1
38 1800 1
42 1800 1
43 1800 1
70 1800 2
83 1800 1
97 1800 1
77 1801 1
42 1802 2
60 1804 5
76 1805 1
88 1805 1
42 1807 2
81 1807 3
98 1807 3
57 1808 6
2 1809 2
32 1809 2
57 1809 1
86 1809 1
7 1813 8
8 1813 7
40 1813 4
43 1813 6
74 1813 1
79 1813 1
80 1813 14
96 1813 11
7 1816 1
8 1816 1
18 1816 1
57 1817 3
70 1817 1
70 1823 1
25 1824 1
54 1824 1
94 1827 1
44 1829 1
24 1830 1
38 1833 1
39 1833 1
45 1834 1
58 1834 1
53 1835 1
92 1835 1
85 1837 1
29 1838 1
45 1838 1
47 1838 1
73 1838 1
89 1838 1
14 1841 1
40 1841 1
44 1841 1
49 1841 1
70 1841 8
76 1841 2
84 1841 1
93 1841 1
8 1844 1
18 1844 1
36 1846 1
63 1850 2
72 1852 1
38 1853 1
89 1853 1
44 1855 1
77 1855 1
87 1855 1
32 1858 1
45 1858 6
53 1858 8
62 1858 1
89 1858 6
38 1859 1
16 1860 1
49 1860 1
53 1860 2
54 1860 1
55 1860 4
59 1860 1
62 1860 1
89 1860 1
94 1860 1
97 1860 2
13 1861 1
91 1861 1
34 1863 2
24 1864 1
32 1864 2
47 1864 1
62 1864 1
71 1864 1
78 1864 1
93 1864 1
15 1866 1
17 1866 1
40 1866 1
60 1866 2
70 1866 2
77 1866 1
81 1866 1
89 1866 1
53 1868 1
14 1871 1
20 1871 1
25 1871 4
27 1871 1
37 1871 2
42 1871 1
44 1871 4
52 1871 1
69 1871 1
70 1871 1
79 1871 1
85 1871 1
94 1871 1
96 1871 1
56 1872 1
58 1873 4
2 1874 3
3 1874 2
4 1874 3
9 1874 1
16 1874 1
45 1874 1
50 1874 1
65 1874 3
88 1874 1
89 1874 4
99 1874 1
46 1876 1
82 1879 12
2 1880 2
20 1880 1
25 1880 1
35 1880 1
37 1880 2
38 1880 2
58 1880 5
64 1880 7
65 1880 3
69 1880 5
71 1880 6
72 1880 3
74 1880 3
93 1880 1
25 1885 2
54 1886 1
89 1886 1
4 1887 1
16 1887 1
20 1887 2
24 1887 1
25 1887 2
28 1887 1
32 1887 1
35 1887 1
43 1887 1
58 1887 1
60 1887 1
65 1887 1
78 1887 1
82 1887 1
94 1887 1
96 1887 2
1 1888 1
17 1888 1
42 1889 1
89 1889 1
2 1890 1
10 1890 1
13 1890 1
14 1890 1
15 1890 1
16 1890 1
23 1890 1
24 1890 2
27 1890 1
28 1890 1
36 1890 1
38 1890 1
39 1890 1
46 1890 1
49 1890 2
51 1890 1
54 1890 1
62 1890 1
73 1890 1
79 1890 1
85 1890 1
88 1890 1
93 1890 1
94 1890 5
97 1890 1
29 1892 1
33 1895 1
38 1895 1
44 1895 1
87 1895 1
23 1896 1
26 1896 1
33 1896 1
56 1896 1
75 1896 1
11 1897 1
48 1897 1
11 1898 2
13 1898 1
23 1898 1
25 1898 1
44 1898 1
51 1898 3
62 1898 3
72 1898 1
73 1898 1
77 1898 1
90 1898 1
94 1898 3
96 1898 1
97 1898 1
13 1899 3
20 1899 1
25 1899 5
27 1899 1
28 1899 1
56 1899 5
57 1899 5
62 1899 1
84 1899 1
89 1899 1
2 1901 3
3 1901 2
24 1901 1
29 1901 3
33 1901 1
34 1901 3
44 1901 1
45 1901 1
49 1901 1
54 1901 1
55 1901 1
60 1901 3
64 1901 1
68 1901 1
85 1901 1
89 1901 1
91 1901 1
92 1901 1
93 1902 1
94 1902 1
34 1904 1
14 1905 1
33 1905 1
73 1906 1
97 1906 1
85 1907 1
86 1908 1
29 1911 1
30 1911 1
42 1911 1
51 1911 1
68 1913 1
51 1914 1
68 1914 4
50 1915 1
51 1915 2
59 1915 1
65 1915 1
92 1915 1
34 1917 1
44 1917 1
56 1917 1
70 1917 1
87 1917 1
56 1918 1
65 1918 1
80 1918 1
96 1918 1
65 1922 1
90 1922 1
91 1922 2
2 1923 2
11 1923 1
46 1923 1
7 1925 1
24 1925 1
58 1925 1
92 1925 1
4 1926 1
9 1926 3
21 1926 1
29 1926 1
49 1926 1
61 1926 2
62 1926 1
66 1926 7
72 1926 1
9 1927 2
23 1927 3
49 1927 1
50 1927 1
55 1927 1
71 1927 1
74 1927 1
81 1927 1
94 1927 2
66 1928 3
5 1929 3
6 1929 3
90 1929 4
91 1929 5
25 1930 5
27 1930 3
44 1930 1
60 1930 2
63 1930 2
69 1930 1
14 1933 1
35 1934 1
21 1935 3
22 1935 2
100 1935 1
22 1936 2
1 1937 6
39 1938 1
24 1941 1
24 1942 1
2 1943 3
5 1943 2
22 1943 1
25 1943 1
26 1943 1
27 1943 2
47 1943 1
73 1943 2
80 1943 1
82 1943 4
89 1943 1
94 1943 1
97 1943 1
27 1945 1
40 1948 2
43 1948 1
96 1948 1
83 1950 8
13 1951 1
73 1951 2
90 1951 1
97 1951 1
4 1952 3
5 1952 1
6 1952 4
11 1952 2
14 1952 2
20 1952 1
22 1952 1
23 1952 2
24 1952 2
27 1952 1
28 1952 9
32 1952 1
34 1952 4
35 1952 1
38 1952 1
44 1952 1
47 1952 3
54 1952 2
59 1952 2
61 1952 1
62 1952 9
67 1952 1
72 1952 2
73 1952 3
81 1952 1
82 1952 1
86 1952 1
87 1952 1
90 1952 2
93 1952 1
94 1952 1
98 1952 2
50 1953 1
92 1953 1
13 1954 1
15 1954 1
32 1954 1
59 1954 1
72 1954 3
93 1955 1
2 1957 1
25 1957 1
66 1957 1
37 1958 1
39 1958 4
58 1958 1
70 1958 2
64 1960 5
65 1960 1
30 1961 1
45 1961 1
100 1961 1
17 1962 1
83 1962 2
95 1962 1
7 1965 2
1 1966 1
60 1966 1
89 1966 1
1 1967 1
49 1968 1
54 1968 2
94 1968 1
99 1968 1
1 1970 1
20 1970 1
28 1970 1
50 1970 1
67 1970 1
68 1970 1
82 1970 1
83 1974 1
7 1975 2
9 1975 1
12 1975 2
19 1975 1
24 1975 1
25 1975 2
27 1975 2
32 1975 1
33 1975 4
36 1975 1
40 1975 3
41 1975 4
51 1975 1
52 1975 4
53 1975 2
58 1975 1
60 1975 3
67 1975 1
69 1975 1
70 1975 2
78 1975 1
80 1975 5
82 1975 1
85 1975 1
96 1975 2
7 1976 1
35 1976 1
44 1976 2
85 1976 1
44 1977 1
80 1977 1
9 1982 1
80 1982 4
32 1983 2
47 1984 1
76 1984 1
99 1984 1
9 1985 1
36 1985 2
54 1985 1
55 1985 3
67 1985 2
73 1985 5
78 1985 5
79 1985 1
80 1985 2
11 1990 1
24 1990 5
35 1990 4
54 1990 1
58 1990 2
62 1990 2
82 1990 3
84 1990 5
59 1991 1
8 1994 1
18 1996 1
50 1998 1
92 1998 1
12 1999 1
18 1999 1
24 1999 3
82 1999 1
46 2001 1
15 2002 1
32 2002 1
86 2002 3
92 2004 1
43 2005 1
70 2005 1
76 2005 1
64 2006 3
71 2006 3
72 2006 3
99 2007 3
2 2010 1
3 2010 1
4 2010 1
52 2010 1
60 2010 1
82 2010 1
88 2010 1
89 2010 1
97 2010 1
14 2011 1
59 2011 1
47 2014 1
89 2014 1
66 2017 3
42 2018 2
78 2018 2
7 2019 1
94 2019 1
52 2022 2
13 2024 1
1 2025 1
2 2025 3
11 2025 2
16 2025 1
27 2025 1
39 2025 4
59 2025 3
73 2025 1
83 2025 1
89 2025 1
96 2025 3
97 2025 4
99 2025 1
100 2025 1
7 2029 1
33 2029 1
44 2029 1
71 2029 1
87 2029 1
88 2029 2
13 2030 1
29 2030 8
30 2030 4
31 2030 2
51 2030 1
66 2030 9
75 2030 1
95 2030 4
99 2030 2
100 2030 1
13 2032 3
72 2036 1
78 2037 1
12 2038 4
46 2038 1
47 2038 2
51 2038 5
75 2038 2
12 2039 2
13 2039 1
29 2039 1
30 2039 2
31 2039 1
45 2039 1
47 2039 5
51 2039 3
66 2039 1
75 2039 1
78 2039 1
92 2039 5
95 2039 1
100 2039 4
33 2040 2
51 2040 1
61 2040 2
73 2040 1
77 2040 2
1 2041 1
2 2041 2
8 2041 1
9 2041 2
11 2041 1
17 2041 1
25 2041 1
29 2041 2
37 2041 1
39 2041 1
41 2041 1
45 2041 2
55 2041 1
56 2041 3
70 2041 3
71 2041 1
73 2041 1
74 2041 2
75 2041 2
79 2041 1
83 2041 2
90 2041 1
77 2042 1
12 2043 1
43 2043 1
46 2043 1
85 2043 1
91 2043 1
5 2044 2
29 2044 1
31 2044 1
51 2044 4
66 2044 1
90 2044 1
7 2045 1
43 2047 1
33 2049 1
38 2049 1
74 2049 1
80 2049 2
89 2049 1
97 2049 1
1 2050 1
14 2051 1
14 2054 1
47 2054 1
44 2056 1
87 2056 1
7 2058 1
34 2059 2
43 2059 1
57 2059 1
80 2059 1
33 2060 1
54 2060 1
12 2062 1
17 2062 1
19 2062 1
30 2062 1
99 2062 1
8 2063 1
14 2063 1
39 2064 1
12 2067 1
49 2067 1
12 2068 1
70 2069 3
77 2070 2
7 2072 3
11 2072 1
14 2072 1
19 2072 1
31 2072 3
33 2072 1
36 2072 2
38 2072 1
39 2072 1
40 2072 4
41 2072 4
48 2072 2
49 2072 1
51 2072 1
52 2072 3
53 2072 2
60 2072 3
65 2072 1
74 2072 1
80 2072 5
89 2072 1
93 2072 3
95 2072 2
97 2072 3
37 2073 1
20 2074 1
93 2074 1
78 2075 1
83 2075 1
97 2075 1
1 2076 1
100 2076 1
5 2078 1
9 2078 1
14 2078 1
20 2078 1
24 2078 1
25 2078 4
27 2078 1
33 2078 1
37 2078 5
39 2078 4
40 2078 4
48 2078 4
49 2078 8
51 2078 1
52 2078 1
62 2078 4
70 2078 1
72 2078 2
73 2078 2
74 2078 1
79 2078 6
80 2078 7
82 2078 3
84 2078 1
88 2078 1
90 2078 2
91 2078 1
97 2078 4
100 2078 1
7 2080 1
9 2081 1
89 2081 1
93 2081 1
52 2087 1
35 2089 1
49 2089 1
94 2089 5
97 2089 1
86 2091 1
19 2092 1
84 2092 1
86 2092 1
97 2092 1
100 2092 1
32 2093 1
39 2093 1
40 2093 1
42 2093 1
62 2093 5
77 2093 1
78 2093 3
83 2093 1
84 2093 1
92 2093 1
48 2096 2
59 2096 2
59 2097 1
71 2097 1
60 2099 3
11 2101 1
28 2101 1
42 2101 1
44 2101 1
63 2101 1
87 2101 1
25 2103 1
43 2103 1
50 2103 1
52 2103 1
97 2103 2
22 2104 1
42 2104 1
44 2105 1
70 2105 1
25 2110 1
99 2110 1
63 2111 1
57 2112 1
4 2113 1
9 2113 3
14 2113 1
33 2113 1
37 2113 2
42 2113 1
60 2113 2
90 2113 1
7 2114 1
40 2114 1
6 2116 1
13 2116 2
16 2116 1
22 2116 2
29 2116 9
30 2116 2
31 2116 1
34 2116 3
43 2116 3
49 2116 11
50 2116 3
51 2116 1
53 2116 3
54 2116 1
55 2116 3
59 2116 8
61 2116 1
62 2116 4
66 2116 5
69 2116 1
71 2116 1
72 2116 3
73 2116 2
79 2116 1
80 2116 1
81 2116 1
82 2116 3
84 2116 2
88 2116 1
90 2116 5
91 2116 6
94 2116 2
95 2116 6
97 2116 2
98 2116 1
48 2118 1
78 2119 1
89 2119 1
94 2119 1
8 2122 1
14 2122 1
24 2122 1
30 2122 1
47 2122 1
57 2122 3
65 2122 1
73 2122 1
77 2122 1
88 2122 1
94 2122 2
36 2123 1
40 2123 2
53 2123 2
68 2123 2
75 2123 2
76 2123 1
78 2123 1
84 2123 2
52 2124 1
1 2127 1
10 2127 1
11 2127 1
29 2127 2
30 2127 1
38 2127 1
47 2127 1
55 2127 1
57 2127 1
78 2127 2
80 2127 1
82 2127 2
84 2127 1
85 2127 2
97 2127 1
60 2128 1
99 2128 1
1 2129 1
10 2129 2
13 2129 1
14 2129 9
15 2129 1
20 2129 7
24 2129 2
25 2129 1
26 2129 1
27 2129 7
28 2129 2
30 2129 4
35 2129 2
36 2129 2
37 2129 1
42 2129 3
49 2129 5
51 2129 2
52 2129 2
58 2129 1
73 2129 1
79 2129 1
86 2129 5
97 2129 2
99 2129 7
36 2131 1
37 2131 1
80 2131 1
6 2132 1
12 2132 2
14 2132 1
18 2132 1
29 2132 6
30 2132 3
31 2132 4
45 2132 1
66 2132 4
81 2132 1
82 2132 6
85 2132 2
90 2132 1
91 2132 2
92 2132 1
95 2132 4
51 2134 1
85 2135 2
29 2137 1
70 2137 2
4 2138 1
7 2138 1
8 2138 1
13 2138 1
14 2138 2
25 2138 1
26 2138 1
45 2138 2
52 2138 1
59 2138 1
66 2138 2
72 2138 3
76 2138 1
80 2138 1
82 2138 2
86 2138 2
89 2138 1
94 2138 1
96 2138 2
50 2139 1
72 2139 4
82 2139 1
42 2143 2
6 2144 1
40 2144 1
59 2144 2
64 2144 1
83 2144 1
7 2145 4
8 2145 3
14 2145 1
80 2145 6
86 2145 1
89 2147 1
55 2148 1
78 2149 1
15 2150 1
16 2150 1
37 2150 1
77 2150 1
82 2150 1
5 2153 2
6 2153 1
25 2153 1
29 2153 2
30 2153 1
32 2153 3
51 2153 1
53 2153 1
75 2153 1
83 2153 2
85 2153 2
89 2153 1
91 2153 1
95 2153 1
42 2155 1
77 2156 1
1 2157 1
18 2157 1
12 2159 1
14 2159 3
41 2159 1
80 2160 1
83 2160 1
81 2164 1
14 2165 1
47 2165 1
44 2167 1
59 2167 1
61 2167 1
82 2167 1
83 2168 1
30 2170 1
100 2170 1
85 2171 12
7 2172 1
32 2174 2
67 2174 1
77 2174 2
12 2175 1
21 2175 3
22 2175 2
23 2175 2
24 2175 4
29 2175 2
36 2175 1
37 2175 4
44 2175 1
45 2175 4
47 2175 2
49 2175 2
54 2175 2
55 2175 3
61 2175 1
62 2175 3
72 2175 1
74 2175 1
77 2175 2
81 2175 3
82 2175 1
84 2175 4
88 2175 1
89 2175 1
92 2175 1
98 2175 2
47 2176 1
49 2176 1
16 2178 6
17 2178 3
32 2178 2
62 2178 1
94 2178 1
16 2179 1
17 2179 1
59 2179 1
62 2179 1
5 2180 3
6 2180 2
29 2180 5
30 2180 2
51 2180 1
82 2180 1
91 2180 1
95 2180 1
7 2181 6
8 2181 5
9 2181 6
24 2181 1
40 2181 6
41 2181 4
43 2181 5
53 2181 5
79 2181 8
80 2181 6
89 2181 1
94 2181 1
96 2181 9
91 2183 1
100 2183 1
38 2184 2
97 2186 1
9 2187 1
23 2187 1
25 2187 1
44 2187 1
61 2187 4
87 2187 1
88 2187 2
94 2187 6
67 2189 1
65 2190 1
85 2190 1
97 2190 1
2 2191 1
38 2191 1
46 2191 1
77 2191 2
82 2191 1
1 2193 1
44 2193 1
78 2193 2
85 2193 2
92 2193 1
93 2193 1
78 2194 1
5 2195 1
6 2195 1
69 2195 1
91 2195 1
7 2198 3
8 2198 1
58 2199 1
56 2201 1
10 2202 3
34 2202 1
44 2202 1
74 2202 3
7 2204 1
9 2204 2
25 2204 1
40 2204 1
65 2204 1
68 2204 1
80 2204 1
84 2204 1
74 2207 2
40 2208 4
65 2208 1
76 2208 2
80 2208 4
96 2208 2
99 2208 8
7 2209 2
9 2209 4
16 2209 4
17 2209 2
45 2209 1
72 2209 3
74 2209 1
80 2209 1
89 2209 2
96 2209 3
99 2209 4
62 2212 2
11 2214 1
19 2214 1
20 2214 1
24 2214 1
33 2214 1
39 2214 1
42 2214 1
43 2214 1
46 2214 1
47 2214 1
48 2214 1
59 2214 2
60 2214 1
62 2214 1
64 2214 1
68 2214 1
69 2214 3
82 2214 1
85 2214 1
89 2214 1
91 2214 2
94 2214 1
99 2214 1
100 2214 1
8 2215 1
2 2216 2
4 2216 1
8 2216 3
9 2216 1
15 2216 2
18 2216 1
20 2216 1
25 2216 1
49 2216 1
52 2216 1
59 2216 1
60 2216 1
73 2216 1
86 2216 1
94 2216 3
90 2217 3
91 2217 4
5 2218 1
44 2218 1
60 2218 1
64 2218 2
69 2218 5
72 2218 1
75 2218 1
76 2218 1
77 2218 1
89 2218 2
92 2218 1
14 2219 1
66 2219 1
7 2220 1
44 2220 1
24 2222 1
79 2222 1
80 2222 1
83 2224 1
43 2225 1
13 2226 2
59 2226 1
4 2229 1
9 2229 1
28 2229 1
44 2229 1
48 2229 1
71 2229 1
72 2229 1
87 2229 1
99 2229 1
62 2231 2
44 2232 1
53 2232 2
24 2233 1
32 2233 1
50 2233 1
54 2233 1
55 2233 1
94 2233 4
47 2236 1
49 2236 1
99 2236 1
14 2240 2
28 2240 3
64 2240 2
74 2240 1
7 2244 1
12 2244 1
40 2244 1
42 2244 1
48 2244 1
57 2244 1
60 2244 1
89 2244 1
100 2244 1
53 2246 1
14 2248 1
36 2248 1
44 2248 1
48 2248 1
49 2248 2
54 2248 1
61 2248 1
75 2248 1
78 2248 1
92 2248 4
9 2249 2
35 2249 1
37 2249 2
49 2249 1
50 2249 2
52 2249 3
59 2249 1
70 2249 1
76 2249 1
80 2249 1
90 2249 1
92 2249 1
94 2249 1
97 2249 1
36 2250 1
100 2250 1
6 2251 1
14 2251 1
41 2251 1
50 2251 2
72 2251 1
76 2251 1
77 2251 1
90 2251 1
93 2251 1
21 2252 1
27 2252 1
44 2252 1
54 2252 1
87 2252 1
2 2253 1
30 2254 1
37 2254 1
72 2254 1
14 2255 1
25 2255 1
7 2256 1
22 2257 1
27 2257 1
35 2257 1
72 2257 1
86 2257 1
94 2257 1
17 2258 1
8 2259 1
9 2259 2
15 2259 1
16 2259 1
22 2259 1
25 2259 1
29 2259 1
30 2259 1
33 2259 1
35 2259 1
43 2259 1
48 2259 2
56 2259 2
57 2259 1
58 2259 1
59 2259 3
60 2259 1
62 2259 1
63 2259 1
73 2259 2
78 2259 1
80 2259 4
83 2259 2
85 2259 2
94 2259 2
96 2259 1
99 2259 5
18 2261 1
32 2266 1
48 2266 2
49 2266 2
59 2266 2
62 2266 1
85 2266 1
99 2266 1
20 2267 1
29 2267 1
34 2267 1
50 2267 2
51 2267 1
62 2267 1
66 2267 1
76 2267 2
81 2267 2
82 2267 1
89 2267 2
90 2267 2
91 2267 2
45 2269 1
72 2269 1
82 2269 2
7 2270 1
54 2270 1
29 2271 1
28 2272 1
56 2272 1
60 2272 1
72 2272 1
79 2272 1
93 2272 1
85 2273 1
7 2274 1
56 2274 1
62 2274 1
18 2275 1
17 2276 1
37 2276 1
67 2276 3
69 2276 4
77 2276 11
82 2276 1
83 2276 1
86 2276 3
1 2277 1
4 2277 1
7 2277 1
11 2277 1
14 2277 1
15 2277 1
18 2277 3
35 2277 1
36 2277 2
43 2277 1
44 2277 1
49 2277 2
50 2277 1
51 2277 2
54 2277 3
59 2277 1
60 2277 1
61 2277 1
62 2277 4
70 2277 2
71 2277 1
72 2277 1
73 2277 3
74 2277 2
77 2277 4
81 2277 1
85 2277 1
87 2277 1
88 2277 1
94 2277 4
97 2277 3
99 2277 6
9 2279 1
42 2282 1
82 2282 1
88 2282 2
42 2286 5
52 2286 2
100 2286 5
27 2289 1
28 2289 1
49 2289 1
2 2291 3
7 2291 1
16 2291 1
17 2291 3
43 2291 1
50 2291 1
54 2291 1
55 2291 1
73 2291 3
80 2291 2
81 2291 1
82 2291 2
50 2292 1
62 2292 1
2 2293 2
14 2293 1
25 2293 2
63 2293 3
68 2293 1
73 2293 1
81 2293 1
85 2293 1
94 2293 1
97 2293 1
98 2293 2
45 2294 1
69 2295 1
98 2296 1
7 2297 2
2 2298 2
4 2298 1
7 2298 2
35 2298 1
64 2298 3
65 2298 3
73 2298 2
17 2301 2
85 2301 1
89 2301 2
97 2301 2
24 2302 2
36 2302 1
43 2302 3
44 2302 1
45 2302 1
53 2302 5
54 2302 1
55 2302 2
59 2302 7
62 2302 2
71 2302 2
72 2302 7
74 2302 4
76 2302 3
80 2302 1
84 2302 1
87 2302 1
89 2302 1
94 2302 1
2 2305 2
25 2305 1
39 2305 4
64 2305 14
65 2305 7
71 2305 2
72 2305 9
85 2305 1
93 2305 1
8 2307 1
14 2307 1
100 2307 1
64 2308 1
65 2308 2
71 2308 1
72 2308 2
30 2309 1
95 2309 1
1 2313 1
8 2313 1
12 2313 1
14 2313 1
20 2313 2
22 2313 1
59 2313 1
63 2313 1
77 2313 1
89 2313 1
96 2313 1
70 2317 1
11 2318 2
8 2319 1
29 2320 1
27 2321 1
29 2322 1
70 2322 1
71 2322 1
92 2322 1
56 2323 1
58 2324 1
66 2324 2
7 2325 1
9 2325 1
40 2325 1
65 2325 1
68 2325 1
84 2325 1
37 2326 1
38 2326 1
49 2326 1
76 2326 1
78 2326 1
99 2326 1
48 2327 1
1 2328 4
13 2328 4
14 2328 3
30 2328 3
31 2328 3
42 2328 6
52 2328 7
60 2328 1
69 2328 1
76 2328 3
78 2328 2
95 2328 3
97 2328 1
60 2330 2
8 2333 1
49 2334 2
53 2334 1
56 2334 2
62 2334 1
72 2334 1
83 2334 1
19 2335 1
49 2335 1
51 2335 1
19 2337 1
28 2337 1
29 2337 1
34 2337 1
49 2337 2
95 2337 1
99 2337 1
49 2338 1
8 2340 1
14 2340 1
28 2340 2
42 2340 1
83 2340 1
92 2340 1
32 2342 1
33 2342 1
7 2343 1
9 2343 5
79 2343 1
82 2343 1
20 2344 1
44 2344 1
42 2345 1
78 2345 2
83 2348 1
91 2348 1
19 2349 1
32 2349 1
35 2350 1
49 2350 1
77 2350 1
82 2350 2
18 2352 1
27 2352 2
32 2352 1
51 2352 2
54 2352 2
56 2352 3
57 2352 2
62 2352 4
94 2352 2
96 2352 1
